"V1" "V2" "V3" "V4" "V5" "V6" "V7" "V8" "V9" "V10" "V11" "V12" "V13" "V14" "V15" "V16" "V17" "V18" "V19" "V20" "V21" "V22" "V23" "V24" "V25" "V26" "V27" "V28" "V29" "V30" "V31" "V32" "V33" "V34" "V35" "V36" "V37" "V38" "V39" "V40" "V41" "V42" "V43" "V44" "V45" "V46" "V47" "V48" "V49" "V50"
"s1" 13 45 0 0 0 42 38 67 3 42 3 2 24 0 1 0 0 37 0 59 1 0 353 17 0 0 9 0 9 0 0 0 142 6 181 15 23 333 2008 0 17 0 0 0 4 0 0 1885 19 1
"s2" 0 26 0 0 34 104 15 235 6 7 1 216 13 20 1 0 0 6 35 10 0 0 108 80 31 1 40 9 3 0 0 0 42 412 40 0 40 82 408 0 7 6 2489 0 2 0 3 396 9 0
"s3" 0 57 14 4 19 0 39 0 0 0 1 2488 3 24 25 0 0 0 0 0 0 0 1202 37 8 0 0 0 0 0 0 583 0 5 0 0 2 0 11 8 8 0 1 3 0 0 82 21 0 0
"s4" 0 262 5 5 2 9 11 45 0 0 828 470 0 12 0 12 24 0 32 0 0 0 224 15 0 0 16 12 26 0 2 108 0 486 12 17 0 0 18 0 1 498 0 4 0 0 99 8 0 4
"s5" 301 71 10 0 94 0 4 0 0 26 0 6 271 848 0 0 0 0 0 39 0 2 4 0 25 10 22 7 2 3 0 10 0 20 0 0 0 7 5 0 0 0 3 0 1 0 0 14 6 0
"s6" 85 95 88 106 78 0 585 25 0 453 0 10 64 426 12 0 54 40 8 56 0 1 0 9 50 31 34 78 0 338 0 81 4 6 171 106 0 11 4 1333 0 8 0 0 11 103 267 5 3 13
"s7" 0 570 0 17 0 0 0 0 17 0 0 0 0 0 3 0 5 4 98 0 2 0 0 27 8 1 0 37 166 11 5 6 95 0 2044 44 9 36 0 0 0 3 56 0 933 66 564 15 0 0
"s8" 726 112 20 15 430 526 1 33 99 0 0 0 0 0 8 0 2257 3 37 0 3 1 0 20 0 0 0 155 33 4 35 5 14 0 400 0 6 17 0 34 219 158 14 0 194 604 135 28 409 96
"s9" 13 0 0 0 713 7 10 41 0 15 5 1 9 34 0 0 0 0 22 0 0 1 352 25 0 162 12 0 0 150 14 0 0 19 0 0 36 0 0 3 0 141 0 1 9 0 54 291 1 0
"s10" 22 259 10 0 142 5 5 277 0 0 52 3 35 6 2 0 27 60 214 13 45 2 86 35 15 219 10 10 0 40 2 0 0 24 1 0 3 0 4 6 2 69 0 13 1 7 16 57 1311 0
"s11" 458 4 21 0 0 0 0 17 28 0 2 28 0 273 4 0 0 257 248 37 0 0 5 0 0 0 6 0 0 0 0 91 1197 0 1 402 22 0 160 1153 2 0 0 0 47 0 9 0 1033 0
"s12" 36 0 76 19 203 16 0 0 0 146 5 0 17 0 0 0 12 0 0 0 0 23 0 28 44 2 0 212 0 1102 0 0 0 0 2 186 0 0 0 0 0 0 21 2 0 2040 0 10 0 21
"s13" 306 0 0 6 0 38 0 48 0 80 0 1 0 82 0 0 23 0 0 0 0 5 3 0 0 0 40 0 0 340 36 13 0 200 54 16 21 0 347 23 4 0 0 1 1 0 0 9 0 4
"s14" 258 61 658 0 366 0 4 0 22 0 11 0 275 0 260 0 0 0 43 0 0 0 0 110 0 3 0 0 0 0 0 20 1 0 331 16 0 30 0 0 0 10 0 0 0 11 2 0 6 0
"s15" 0 15 0 0 0 0 0 35 1044 0 198 0 0 37 0 0 0 18 0 162 5 0 4 0 0 3 0 0 0 913 0 1981 0 0 0 0 1084 0 9 0 0 17 0 0 0 0 66 0 12 0
"s16" 0 158 1976 41 31 0 815 22 0 0 0 2 64 0 0 2 8 0 0 0 0 0 0 821 0 0 3 14 2 0 0 0 14 0 1 256 0 0 0 7 216 3 0 3262 7 8 0 0 0 0
"s17" 0 12 0 0 671 0 21 0 0 0 85 0 0 493 0 1 0 9 0 11 0 0 0 171 0 0 6 0 0 0 306 6 0 784 7 19 0 15 0 0 0 0 162 0 6 0 303 0 0 0
"s18" 16 30 57 0 0 0 0 584 0 68 5 9 0 0 0 0 0 0 19 0 4 0 792 0 6 0 77 267 0 18 148 0 18 0 0 0 5 0 36 0 0 1755 0 1 0 0 0 9 0 900
"s19" 0 0 19 16 42 7 100 117 0 10 0 0 0 0 0 1 9 0 0 1067 0 0 14 0 9 0 175 0 0 25 0 0 22 0 5 0 64 12 0 0 0 0 322 0 0 6 4 124 0 2
"s20" 13 0 0 15 0 37 0 0 584 157 8 0 279 23 1 0 0 606 74 0 1 0 28 0 0 166 0 147 0 0 17 14 1 3 0 73 0 0 33 74 389 1 0 0 738 3 15 0 0 0
"s21" 10 132 0 0 0 0 441 32 338 0 16 0 0 11 1 51 13 21 0 26 0 2 0 2 10 47 33 14 1 5 13 32 129 431 1 0 1002 696 0 0 0 40 0 48 0 2 41 0 0 6
"s22" 0 0 12 0 3 95 0 24 0 117 0 27 0 0 0 0 24 0 0 587 1 0 0 0 32 2259 0 43 0 64 0 0 0 0 0 987 0 0 0 0 0 0 0 15 0 0 101 0 3 0
"s23" 8 58 10 0 36 58 0 0 0 300 0 1 1220 87 0 0 0 72 18 11 1076 0 0 0 22 9 0 80 3 0 0 68 0 0 0 0 0 1 0 10 0 0 0 0 1 0 0 0 1 49
"s24" 0 0 0 983 0 0 0 0 75 0 8 0 0 95 5 1966 218 0 7 0 0 0 20 0 43 144 0 0 0 156 4 0 0 59 0 14 0 0 0 20 65 0 0 0 1 0 0 0 0 0
"s25" 15 52 71 14 11 0 0 143 4 67 8 0 19 0 0 0 112 0 27 0 0 1 0 7 11 22 0 14 0 0 1 18 0 256 0 159 13 0 3 0 4 16 78 3 0 0 394 11 303 0
"s26" 0 0 0 116 0 97 1 130 0 0 1275 0 54 737 3 74 0 0 0 0 0 0 0 55 0 30 0 0 0 0 0 0 101 0 0 0 0 0 0 0 2321 0 0 32 0 0 470 0 0 0
"s27" 29 29 0 1582 0 9 0 529 3 0 271 34 115 0 0 0 0 0 0 62 0 0 0 0 0 25 15 0 1 1 4 0 44 9 0 0 0 7 0 0 0 101 265 0 279 12 187 0 0 13
"s28" 660 0 10 0 32 0 0 228 864 8 0 0 7 0 0 0 14 128 21 67 0 0 0 0 0 0 46 17 0 2 0 0 0 0 5 0 114 0 6 0 0 0 0 13 0 0 0 91 1 0
"s29" 0 4 17 0 0 107 2 0 35 54 26 13 0 22 1 0 0 7 25 41 0 0 0 0 0 2 1013 1998 0 16 61 0 0 224 0 0 903 5 52 615 2 0 5 0 4 18 0 7 0 0
"s30" 9 16 17 0 46 0 1169 0 0 436 0 0 0 17 0 11 26 0 29 992 0 3375 0 244 2867 45 0 0 19 0 0 0 0 0 0 87 0 28 0 0 0 3 0 1 0 176 47 0 0 0
"s31" 0 75 82 29 8 7 0 39 0 324 0 2 37 0 2 0 91 339 7 0 1101 0 0 209 5 0 4 91 1 51 13 9 187 0 10 569 0 11 0 7 3 0 1 0 0 33 0 86 0 250
"s32" 0 403 15 17 9 0 0 206 2 853 0 0 203 13 0 5 338 1667 30 0 208 0 0 984 7 0 0 153 1 11 55 34 641 3 34 138 8 2 0 44 9 0 1 0 0 40 0 16 0 44
"s33" 0 211 8 6 0 1421 16 0 7 0 136 1 158 19 3 8 48 0 0 0 0 1 0 8 0 0 3 4 4 50 401 1 497 5 3 11 21 204 4 9 12 0 2 3 0 13 10 57 7 388
"s34" 0 45 5 19 0 318 7 0 35 0 443 9 31 11 1 32 126 0 0 0 0 0 0 5 7 0 0 32 22 42 2094 0 115 0 11 134 4 46 37 8 21 2 14 3 6 4 43 15 59 69
"s35" 46 0 0 19 82 24 12 62 15 24 3 41 13 16 0 1043 0 5 79 116 0 4 0 84 0 40 24 31 2626 4 0 46 88 193 12 86 8 4 8 20 19 474 0 0 168 0 274 65 38 2
"s36" 77 0 18 10 9 0 64 428 1 70 2 6 23 27 0 196 0 6 30 26 0 17 0 418 0 163 2 10 514 9 0 203 52 224 28 17 43 10 15 61 72 83 0 0 879 4 198 8 182 3
"s37" 96 5 174 133 170 21 0 37 25 39 2 11 332 34 2591 3 6 107 260 30 178 0 34 10 5 2 0 0 0 33 5 9 8 0 57 0 0 15 211 0 6 29 0 6 73 0 30 28 3 20
"s38" 32 12 33 112 194 11 2 16 178 139 6 53 121 68 507 28 0 19 1158 23 810 0 37 14 11 6 8 0 0 4 0 35 23 0 10 0 4 76 53 0 3 12 1 24 16 0 21 179 22 57
"s39" 42 507 9 62 0 94 12 0 38 0 15 0 36 0 2 1 0 13 700 0 0 0 28 0 36 26 1549 0 2 9 182 8 0 29 9 14 0 305 3 0 5 2 0 0 10 238 0 0 1 260
"s40" 164 109 0 89 10 382 61 15 12 0 20 1 12 0 2 1 0 11 214 0 0 0 141 0 183 17 288 0 0 34 37 54 0 37 5 69 0 1482 0 0 28 4 0 0 44 47 0 0 6 1233
