"V1" "V2" "V3" "V4" "V5" "V6" "V7" "V8" "V9" "V10" "V11" "V12" "V13" "V14" "V15" "V16" "V17" "V18" "V19" "V20" "V21" "V22" "V23" "V24" "V25" "V26" "V27" "V28" "V29" "V30" "V31" "V32" "V33" "V34" "V35" "V36" "V37" "V38" "V39" "V40" "V41" "V42" "V43" "V44" "V45" "V46" "V47" "V48" "V49" "V50"
"s1" 178 0 0 359 0 37 0 0 2 55 3 13 1 8 0 0 0 0 0 3 14 0 9 3 1 0 3 90 0 0 115 0 0 0 6 22 29 7 194 84 170 0 5 0 0 0 1 7 1 0
"s2" 79 0 0 190 0 34 3 28 234 38 6 161 10 8 6 3 0 14 1 0 5 6 19 16 2 2 5 45 0 2 124 0 4 27 5 16 116 10 147 36 80 1 7 43 0 0 5 0 12 1
"s3" 8 112 0 0 0 39 235 3 0 0 0 22 0 0 0 0 0 0 1 0 4 0 0 0 2 463 0 0 112 0 14 0 3 1942 0 0 20 11 0 0 20 101 0 0 866 0 33 3 0 13
"s4" 3 59 0 20 0 108 124 15 131 2 0 14 109 67 0 0 88 248 83 4 2 0 0 0 924 215 1101 3 44 156 14 0 165 1005 0 11 16 43 425 0 439 35 1080 0 407 5 11 63 0 22
"s5" 0 4 2 0 65 0 183 5 0 728 15 239 1 0 0 0 10 0 1 0 2 0 7 0 0 148 0 41 123 0 72 31 133 0 5 149 0 11 0 0 16 606 0 1 0 0 6 21 118 24
"s6" 0 4 117 1 31 0 87 46 4 366 49 140 1 58 0 19 0 0 0 0 4 0 4 3 6 77 118 23 80 8 935 20 74 0 4 114 15 10 230 2 89 325 17 51 0 53 2033 328 68 246
"s7" 0 361 3 0 26 67 0 371 108 0 69 3 0 0 0 0 0 18 38 93 0 1 0 35 0 0 0 6 0 0 2 3 0 0 24 27 164 0 15 54 5 10 6 12 13 314 17 10 0 0
"s8" 16 168 1 0 25 32 841 282 61 12 126 1 541 140 0 0 0 9 14 55 0 3 0 16 0 0 0 268 4 1 30 2 14 0 4 80 583 5 11 33 3 1 2 23 9 174 7 5 5 4
"s9" 58 0 0 0 0 12 26 0 0 0 65 0 3 0 0 2 24 25 0 0 0 160 21 3 12 0 409 0 0 0 606 2 28 0 0 95 0 0 0 4 986 0 0 45 8 0 14 8 56 1
"s10" 192 0 0 7 0 6 53 0 2 0 44 0 0 0 0 2 30 16 0 2 0 71 8 6 846 117 212 0 3 2 286 1255 52 14 0 55 0 13 0 5 487 51 0 23 5 10 10 0 32 88
"s11" 0 10 45 103 71 0 0 0 4 109 0 0 41 0 0 0 18 0 19 0 0 16 352 1696 0 1 0 4 0 76 40 0 107 0 0 468 0 0 6 0 0 418 2 0 0 0 0 0 2824 0
"s12" 3 0 0 0 0 54 71 1 0 398 499 435 0 60 4 6 25 7 0 41 275 0 0 0 58 0 5 0 11 0 0 961 0 0 0 0 0 0 0 0 204 0 0 8 9 491 71 0 0 29
"s13" 0 17 0 7 78 12 0 0 0 0 0 320 653 890 0 1 0 0 0 0 0 0 31 35 102 0 0 0 0 0 0 60 0 0 0 0 0 0 4 892 9 0 0 0 383 20 186 0 0 0
"s14" 3 25 65 0 0 0 0 3 870 3 658 0 0 0 1 0 0 188 12 0 78 65 0 0 0 1 0 0 4 0 33 0 1 0 0 0 18 479 0 0 0 0 2 26 0 0 0 0 1 17
"s15" 0 6 0 15 0 0 0 12 366 0 3 0 0 0 11 0 0 24 10 0 0 0 0 1 0 5 1 0 0 1 38 0 0 0 414 0 0 0 0 0 51 0 0 908 0 150 0 11 0 0
"s16" 0 16 0 0 140 383 2 0 0 260 0 0 522 494 0 9 21 0 0 0 0 3 176 0 40 0 13 1524 0 2 0 0 123 29 0 9 18 22 1487 0 0 0 0 0 5 0 3 0 0 0
"s17" 0 0 0 0 0 0 0 25 0 7 5 0 0 0 0 2634 19 40 87 502 0 0 0 0 0 0 27 154 0 5 51 13 0 111 1473 0 0 0 8 1 8 0 0 0 0 2 0 16 0 14
"s18" 5 1094 1458 0 0 31 10 0 0 0 0 410 0 60 0 0 0 0 0 0 6 0 3 2 13 0 0 0 58 0 0 0 0 0 0 0 0 0 0 0 14 0 2 0 0 7 0 0 0 0
"s19" 0 0 0 0 13 0 2 7 6 274 0 103 0 11 0 0 2148 593 1 1 4 217 0 241 0 120 507 0 0 1 24 0 1 1 37 71 0 0 0 1293 0 6 0 0 12 0 1 0 3 0
"s20" 6 5 691 337 0 0 0 0 0 0 10 0 2 0 2 0 0 0 0 7 4 0 0 0 0 0 0 1 0 0 0 0 0 0 0 0 5 0 176 0 6 0 0 0 0 0 0 613 0 11
"s21" 458 0 0 0 187 0 344 0 11 0 228 0 0 0 9 0 10 0 0 9 0 46 17 10 20 0 1 0 0 3 0 0 0 0 0 11 0 20 258 5 5 0 0 451 6 0 4 459 0 4
"s22" 0 0 0 0 0 24 0 22 0 28 0 99 7 0 0 1 274 162 447 0 0 0 0 25 0 0 0 32 5 5 0 0 3 1 6 11 0 21 0 15 195 8 0 0 12 8 0 0 0 9
"s23" 0 170 8 6 0 10 13 0 0 3 0 3 27 0 0 0 13 0 13 1 4 0 51 521 0 36 120 8 0 12 5 0 0 0 40 0 38 0 19 0 9 4 24 27 16 5 2 6 0 8
"s24" 0 0 63 879 57 0 0 3 0 0 0 0 0 0 2 1 168 3 440 0 0 36 2234 0 3 0 0 0 14 0 0 0 5 1 0 0 15 22 0 0 157 7 474 75 12 0 13 0 1 21
"s25" 0 51 0 484 0 0 0 0 0 607 0 0 55 0 0 14 58 0 52 1 573 7 128 1 0 1590 0 4 0 0 9 3 9 24 5 0 0 0 0 7 0 0 2 0 0 31 12 0 46 0
"s26" 0 0 0 218 46 0 902 6 11 0 3 0 0 0 0 39 0 2 0 0 0 185 0 22 0 0 0 128 0 27 0 0 0 0 3 24 12 8 0 0 0 2 6 0 3 0 0 9 0 7
"s27" 1675 0 0 0 0 451 1 0 11 0 102 2 135 0 3105 13 54 2 0 0 4 0 3 0 16 20 0 141 0 16 16 60 0 0 258 0 0 0 0 0 0 153 0 8 6 3 4 2 1 0
"s28" 0 76 4 11 0 0 1 0 0 0 0 20 0 22 0 5 3 0 4 4 6 0 20 0 382 0 493 0 0 0 37 0 0 0 0 0 7 6 0 0 0 712 0 10 0 39 0 16 0 721
"s29" 0 4 11 64 0 2 0 0 3 57 0 1146 416 10 0 0 0 53 4 0 4 213 0 0 736 1 0 13 4 0 130 50 8 0 110 14 19 167 19 164 18 0 0 168 0 13 0 24 0 109
"s30" 0 104 11 0 439 0 0 11 0 0 0 0 0 44 1 1 31 343 4 0 46 0 0 455 0 0 0 0 8 0 0 0 0 0 222 54 214 1316 27 0 0 25 0 0 0 0 15 0 0 0
"s31" 0 50 147 1 9 1041 5 5 0 2 12 3 2 19 0 8 54 303 570 9 12 0 48 19 0 3 59 122 74 906 265 213 551 5 25 73 4 3 3 25 26 15 6 1 13 28 158 963 2 3
"s32" 0 72 133 0 27 501 2 8 1 0 31 4 5 42 0 4 40 578 1095 5 5 0 30 5 0 0 29 71 39 1955 317 108 273 2 25 68 0 7 2 40 33 30 2 0 5 50 354 489 4 8
"s33" 104 11 13 309 0 24 12 105 4 44 5 0 8 26 3 0 16 1 37 12 4 2 2 2 1 21 2 2 756 0 4 129 483 8 0 0 77 243 13 249 73 172 433 56 729 165 28 87 3 12
"s34" 102 7 6 163 0 11 11 235 2 21 0 0 1 9 3 1 10 2 11 13 3 1 4 2 1 11 1 1 366 0 2 233 1039 4 3 0 97 131 5 125 51 420 863 40 395 101 3 39 0 25
"s35" 164 0 18 7 182 14 67 0 467 76 317 14 31 425 4 6 7 17 3 1561 0 652 1 14 0 0 4 6 0 1 1 2 26 3 0 51 0 34 35 4 5 3 137 120 20 22 66 2 1 80
"s36" 82 0 6 1 105 31 74 0 863 51 676 11 40 705 0 35 0 10 0 834 0 319 5 12 0 2 1 15 0 0 5 5 20 1 0 113 0 43 19 0 7 12 85 65 15 45 41 1 0 41
"s37" 13 218 10 0 499 102 23 1297 8 18 61 10 185 16 2 3 14 339 0 0 693 5 5 0 1 4 15 201 3 0 4 4 15 0 13 254 489 349 11 33 6 13 2 3 123 457 3 1 0 1
"s38" 25 414 7 1 1159 57 36 650 10 9 45 10 364 14 8 0 14 182 0 0 1431 11 5 0 1 0 13 280 4 2 4 7 11 0 30 534 233 202 14 81 4 32 0 8 63 214 0 0 0 4
"s39" 6 79 119 0 11 29 35 30 0 7 97 0 5 18 17 239 26 0 122 8 0 762 0 18 6 120 17 0 996 0 0 11 11 2 152 305 661 0 17 11 2 12 11 342 20 250 49 0 0 536
"s40" 3 46 245 0 13 71 20 13 4 8 54 0 18 37 5 137 8 4 114 18 0 402 0 20 10 226 27 0 475 2 0 11 24 3 319 554 333 0 38 20 5 9 15 669 28 526 33 0 5 1124
